o0 0 0 5 1 25 69 0
o0 0 1 43 3 5 49 0
o0 0 2 17 2 11 70 0
o0 0 3 4 83 4 9 0
o0 0 4 15 33 47 5 0
o0 0 5 24 22 21 33 0
o0 0 6 24 7 8 61 0
o0 0 7 25 55 15 5 0
o0 0 8 53 28 12 7 0
o0 0 9 2 44 46 8 0
o0 1 0 1 8 11 80 0
o0 1 1 25 26 35 14 0
o0 1 2 35 54 10 1 0
o0 1 3 64 32 0 4 0
o0 1 4 51 38 9 2 0
o0 1 5 82 8 5 5 0
o0 1 6 19 52 10 19 0
o0 1 7 7 80 13 0 0
o0 1 8 9 30 57 4 0
o0 1 9 9 43 20 28 0
o0 2 0 6 2 61 31 0
o0 2 1 14 5 14 67 0
o0 2 2 5 2 46 47 0
o0 2 3 20 3 62 15 0
o0 2 4 50 36 5 9 0
o0 2 5 4 84 3 9 0
o0 2 6 67 17 1 15 0
o0 2 7 16 68 15 1 0
o0 2 8 36 45 17 2 0
o0 2 9 25 70 1 4 0
o0 3 0 11 62 23 4 0
o0 3 1 38 22 38 2 0
o0 3 2 33 34 2 31 0
o0 3 3 5 6 16 73 0
o0 3 4 9 10 33 48 0
o0 3 5 8 1 49 42 0
o0 3 6 38 14 13 35 0
o0 3 7 73 7 11 9 0
o0 3 8 11 6 2 81 0
o0 3 9 98 2 0 0 0
o0 4 0 14 13 25 48 0
o0 4 1 1 79 0 20 0
o0 4 2 3 1 91 5 0
o0 4 3 10 15 73 2 0
o0 4 4 0 89 2 9 0
o0 4 5 7 20 57 16 0
o0 4 6 48 10 33 9 0
o0 4 7 14 72 6 8 0
o0 4 8 14 84 0 2 0
o0 4 9 54 6 18 22 0
o0 5 0 15 13 58 14 0
o0 5 1 14 43 27 16 0
o0 5 2 2 12 51 35 0
o0 5 3 32 15 24 29 0
o0 5 4 8 76 2 14 0
o0 5 5 5 21 1 73 0
o0 5 6 57 13 25 5 0
o0 5 7 7 10 60 23 0
o0 5 8 13 2 77 8 0
o0 5 9 43 13 21 23 0
o0 6 0 54 21 25 0 0
o0 6 1 17 23 4 56 0
o0 6 2 11 24 54 11 0
o0 6 3 9 12 54 25 0
o0 6 4 37 30 25 8 0
o0 6 5 1 2 39 58 0
o0 6 6 55 20 16 9 0
o0 6 7 16 14 13 57 0
o0 6 8 7 4 1 88 0
o0 6 9 8 88 4 0 0
o0 7 0 20 1 46 33 0
o0 7 1 4 2 38 56 0
o0 7 2 76 17 5 2 0
o0 7 3 5 67 4 24 0
o0 7 4 24 33 14 29 0
o0 7 5 45 42 13 0 0
o0 7 6 38 19 23 20 0
o0 7 7 30 60 7 3 0
o0 7 8 11 87 1 1 0
o0 7 9 9 14 55 22 0
o0 8 0 12 24 60 4 0
o0 8 1 14 41 9 36 0
o0 8 2 10 6 34 50 0
o0 8 3 4 71 14 11 0
o0 8 4 12 40 40 8 0
o0 8 5 0 1 1 98 0
o0 8 6 9 55 27 9 0
